************************************************************************
file with basedata            : EXPL4.BAS
initial value random generator: 1781474789
************************************************************************
projects                      :  1
jobs (incl. supersource/sink ):  16
horizon                       :  84
RESOURCES
  - renewable                 :  2   R
  - nonrenewable              :  2   N
  - doubly constrained        :  0   D
************************************************************************
PROJECT INFORMATION:
pronr.  #jobs rel.date duedate tardcost  MPM-Time
    1     14      0       47       12       47
************************************************************************
PRECEDENCE RELATIONS:
jobnr.    #modes  #successors   successors
   1        1          1           2
   2        1          3           3   4   5
   3        1          3           6   8  10
   4        1          1           7
   5        1          1           8
   6        1          3           9  11  12
   7        1          1          11
   8        1          3           9  12  14
   9        1          1          15
  10        1          2          11  12
  11        1          1          13
  12        1          1          15
  13        1          1          14
  14        1          1          15
  15        1          1          16
  16        1          0        
************************************************************************
REQUESTS/DURATIONS:
jobnr. mode duration  R 1  R 2  N 1  N 2
------------------------------------------------------------------------
  1      1     0       0    0    0    0
  2      1     3       2    0    6    1
  3      1     6       0    3    6    1
  4      1     9       0    6    2    4
  5      1     4       7    0    8    7
  6      1     2       0    9   10    9
  7      1     7       0    6    7    8
  8      1    10       0    4    2    1
  9      1     9       0    7    4    4
 10      1     2       6    0    9   10
 11      1     9       0    8    9   10
 12      1     4       0   10    4    9
 13      1     3       6    0    5    3
 14      1    10       9    0   10    4
 15      1     6       6    0    4    9
 16      1     0       0    0    0    0
************************************************************************
RESOURCEAVAILABILITIES:
  R 1  R 2  N 1  N 2
    9   13   86   80
************************************************************************
OVERCAPACITY COSTS:
1->0.5
2->0.5
MAX OVERCAPACITY:
1->4
2->6
