************************************************************************
file with basedata            : EXPL4.BAS
initial value random generator: 671741369
************************************************************************
projects                      :  1
jobs (incl. supersource/sink ):  16
horizon                       :  86
RESOURCES
  - renewable                 :  2   R
  - nonrenewable              :  2   N
  - doubly constrained        :  0   D
************************************************************************
PROJECT INFORMATION:
pronr.  #jobs rel.date duedate tardcost  MPM-Time
    1     14      0       41        7       41
************************************************************************
PRECEDENCE RELATIONS:
jobnr.    #modes  #successors   successors
   1        1          1           2
   2        1          2           3   4
   3        1          3           5   8   9
   4        1          3           5   6  11
   5        1          1          13
   6        1          2           7  14
   7        1          2          10  13
   8        1          2          12  13
   9        1          2          10  12
  10        1          1          15
  11        1          1          12
  12        1          1          14
  13        1          1          15
  14        1          1          15
  15        1          1          16
  16        1          0        
************************************************************************
REQUESTS/DURATIONS:
jobnr. mode duration  R 1  R 2  N 1  N 2
------------------------------------------------------------------------
  1      1     0       0    0    0    0
  2      1     3       0    9    6    3
  3      1     6       0    8   10    4
  4      1     9       6    0    6    5
  5      1     9       1    0    4    2
  6      1     1       0    1    5    6
  7      1     2       5    0    4    2
  8      1     2       0    8   10    6
  9      1    10       0    3    9    8
 10      1     8       0    3    9    5
 11      1     5       0    6    4    8
 12      1    10       0    5    8    3
 13      1     9       0    5    5    8
 14      1     7       0    8    7    3
 15      1     5       2    0    6    3
 16      1     0       0    0    0    0
************************************************************************
RESOURCEAVAILABILITIES:
  R 1  R 2  N 1  N 2
    6   10   93   66
************************************************************************
OVERCAPACITY COSTS:
1->0.5
2->0.5
MAX OVERCAPACITY:
1->3
2->5
