************************************************************************
file with basedata            : EXPL4.BAS
initial value random generator: 2087805218
************************************************************************
projects                      :  1
jobs (incl. supersource/sink ):  16
horizon                       :  80
RESOURCES
  - renewable                 :  2   R
  - nonrenewable              :  2   N
  - doubly constrained        :  0   D
************************************************************************
PROJECT INFORMATION:
pronr.  #jobs rel.date duedate tardcost  MPM-Time
    1     14      0       39        5       39
************************************************************************
PRECEDENCE RELATIONS:
jobnr.    #modes  #successors   successors
   1        1          1           2
   2        1          3           3   4   8
   3        1          3           5   6  14
   4        1          2           6  14
   5        1          3           7  10  13
   6        1          1           7
   7        1          2           9  11
   8        1          2           9  10
   9        1          1          12
  10        1          1          11
  11        1          1          12
  12        1          1          15
  13        1          1          15
  14        1          1          15
  15        1          1          16
  16        1          0        
************************************************************************
REQUESTS/DURATIONS:
jobnr. mode duration  R 1  R 2  N 1  N 2
------------------------------------------------------------------------
  1      1     0       0    0    0    0
  2      1     2       6    0    6    3
  3      1     4       0    3    3    4
  4      1    10       0    5    8    6
  5      1     8       6    0    9   10
  6      1     7       6    0    5    4
  7      1     4       5    0    8   10
  8      1     3       0    7    9    3
  9      1     5       2    0    4    5
 10      1     8       0    7   10    4
 11      1     4       9    0    9    7
 12      1     7       5    0    9    1
 13      1     9       0    1    7    3
 14      1     5       6    0    7    8
 15      1     4       0    6   10   10
 16      1     0       0    0    0    0
************************************************************************
RESOURCEAVAILABILITIES:
  R 1  R 2  N 1  N 2
   11    9  104   78
************************************************************************
OVERCAPACITY COSTS:
1->0.5
2->0.5
MAX OVERCAPACITY:
1->5
2->4
