************************************************************************
file with basedata            : EXPL4.BAS
initial value random generator: 1201771784
************************************************************************
projects                      :  1
jobs (incl. supersource/sink ):  16
horizon                       :  78
RESOURCES
  - renewable                 :  2   R
  - nonrenewable              :  2   N
  - doubly constrained        :  0   D
************************************************************************
PROJECT INFORMATION:
pronr.  #jobs rel.date duedate tardcost  MPM-Time
    1     14      0       34        0       34
************************************************************************
PRECEDENCE RELATIONS:
jobnr.    #modes  #successors   successors
   1        1          1           2
   2        1          3           3   4   6
   3        1          3           7   9  13
   4        1          3           5   7   8
   5        1          1          12
   6        1          3           7  12  14
   7        1          1          15
   8        1          1          10
   9        1          1          12
  10        1          2          11  13
  11        1          1          14
  12        1          1          15
  13        1          1          14
  14        1          1          15
  15        1          1          16
  16        1          0        
************************************************************************
REQUESTS/DURATIONS:
jobnr. mode duration  R 1  R 2  N 1  N 2
------------------------------------------------------------------------
  1      1     0       0    0    0    0
  2      1     9       5    0    8    4
  3      1     1       0    8    7    6
  4      1     1       3    0    4    4
  5      1    10       0    8    1    1
  6      1     4       4    0    3    8
  7      1    10       0    4    3    9
  8      1     1       0    7    4    4
  9      1     8       0    6    8    9
 10      1     2       3    0    4   10
 11      1     1       0    7    3    4
 12      1    10       2    0    8    1
 13      1     7       0    2    8    6
 14      1    10       0    2    3    6
 15      1     4       6    0    5    4
 16      1     0       0    0    0    0
************************************************************************
RESOURCEAVAILABILITIES:
  R 1  R 2  N 1  N 2
    6   12   69   76
************************************************************************
OVERCAPACITY COSTS:
1->0.5
2->0.5
MAX OVERCAPACITY:
1->3
2->6
