************************************************************************
file with basedata            : EXPL4.BAS
initial value random generator: 843319163
************************************************************************
projects                      :  1
jobs (incl. supersource/sink ):  16
horizon                       :  106
RESOURCES
  - renewable                 :  2   R
  - nonrenewable              :  2   N
  - doubly constrained        :  0   D
************************************************************************
PROJECT INFORMATION:
pronr.  #jobs rel.date duedate tardcost  MPM-Time
    1     14      0       63       12       63
************************************************************************
PRECEDENCE RELATIONS:
jobnr.    #modes  #successors   successors
   1        1          1           2
   2        1          2           3   6
   3        1          3           4   5   7
   4        1          3           9  10  11
   5        1          2          13  14
   6        1          1          10
   7        1          1           8
   8        1          2          10  12
   9        1          1          12
  10        1          2          13  14
  11        1          2          12  13
  12        1          1          14
  13        1          1          15
  14        1          1          15
  15        1          1          16
  16        1          0        
************************************************************************
REQUESTS/DURATIONS:
jobnr. mode duration  R 1  R 2  N 1  N 2
------------------------------------------------------------------------
  1      1     0       0    0    0    0
  2      1     9       4    0    5    7
  3      1     7       9    0    3   10
  4      1     2       0    2    9    3
  5      1     4       0    9    7    3
  6      1     7       3    0    7   10
  7      1    10       0    4   10    8
  8      1     8       3    0    1    4
  9      1    10       6    0    8    5
 10      1    10       1    0   10    2
 11      1     7       5    0    9    6
 12      1    10       0    8    8    5
 13      1     3       0    2    6    5
 14      1     9       0   10    7   10
 15      1    10       0    7    6    2
 16      1     0       0    0    0    0
************************************************************************
RESOURCEAVAILABILITIES:
  R 1  R 2  N 1  N 2
   10   11   96   80
************************************************************************
OVERCAPACITY COSTS:
1->0.5
2->0.5
MAX OVERCAPACITY:
1->5
2->5
