************************************************************************
file with basedata            : EXPL4.BAS
initial value random generator: 1840579649
************************************************************************
projects                      :  1
jobs (incl. supersource/sink ):  16
horizon                       :  78
RESOURCES
  - renewable                 :  2   R
  - nonrenewable              :  2   N
  - doubly constrained        :  0   D
************************************************************************
PROJECT INFORMATION:
pronr.  #jobs rel.date duedate tardcost  MPM-Time
    1     14      0       46        9       46
************************************************************************
PRECEDENCE RELATIONS:
jobnr.    #modes  #successors   successors
   1        1          1           2
   2        1          2           3   5
   3        1          3           4   6   7
   4        1          2          13  14
   5        1          2          10  11
   6        1          1          14
   7        1          2           8   9
   8        1          2          10  11
   9        1          2          11  13
  10        1          2          12  13
  11        1          1          12
  12        1          1          14
  13        1          1          15
  14        1          1          15
  15        1          1          16
  16        1          0        
************************************************************************
REQUESTS/DURATIONS:
jobnr. mode duration  R 1  R 2  N 1  N 2
------------------------------------------------------------------------
  1      1     0       0    0    0    0
  2      1     3       8    0    3    4
  3      1     4       0   10   10    6
  4      1     8       0    1    7    4
  5      1     1       0    7    9    3
  6      1    10       0   10    4    9
  7      1     9       0    4    3    4
  8      1     1       4    0    4    5
  9      1     9       8    0    4    4
 10      1     9       9    0    3    9
 11      1     5       0    9    5    3
 12      1     2       8    0   10    5
 13      1     3       0    3    7    7
 14      1     4       9    0   10    5
 15      1    10       0    5    6    5
 16      1     0       0    0    0    0
************************************************************************
RESOURCEAVAILABILITIES:
  R 1  R 2  N 1  N 2
   11   11   85   73
************************************************************************
OVERCAPACITY COSTS:
1->0.5
2->0.5
MAX OVERCAPACITY:
1->5
2->5
