************************************************************************
file with basedata            : EXPL4.BAS
initial value random generator: 1751253039
************************************************************************
projects                      :  1
jobs (incl. supersource/sink ):  16
horizon                       :  85
RESOURCES
  - renewable                 :  2   R
  - nonrenewable              :  2   N
  - doubly constrained        :  0   D
************************************************************************
PROJECT INFORMATION:
pronr.  #jobs rel.date duedate tardcost  MPM-Time
    1     14      0       46       10       46
************************************************************************
PRECEDENCE RELATIONS:
jobnr.    #modes  #successors   successors
   1        1          1           2
   2        1          3           3   6   8
   3        1          2           4  11
   4        1          2           5   7
   5        1          1          10
   6        1          1          12
   7        1          2           9  12
   8        1          3           9  10  11
   9        1          1          15
  10        1          2          13  14
  11        1          2          12  14
  12        1          1          13
  13        1          1          15
  14        1          1          15
  15        1          1          16
  16        1          0        
************************************************************************
REQUESTS/DURATIONS:
jobnr. mode duration  R 1  R 2  N 1  N 2
------------------------------------------------------------------------
  1      1     0       0    0    0    0
  2      1     5       0    4    4    2
  3      1     6       0    4    2    4
  4      1     1       7    0    8    5
  5      1     7       9    0    2   10
  6      1     4       8    0   10    7
  7      1    10       0    3    7    2
  8      1     6       0    4    4    4
  9      1     7       3    0    2    7
 10      1    10       9    0    8    1
 11      1     1       3    0    5    6
 12      1    10       5    0    4    3
 13      1     5       0    9    8    7
 14      1     4       0    7    5    6
 15      1     9       0    8    6   10
 16      1     0       0    0    0    0
************************************************************************
RESOURCEAVAILABILITIES:
  R 1  R 2  N 1  N 2
   11   10   75   74
************************************************************************
OVERCAPACITY COSTS:
1->0.5
2->0.5
MAX OVERCAPACITY:
1->5
2->5
