************************************************************************
file with basedata            : EXPL4.BAS
initial value random generator: 824157480
************************************************************************
projects                      :  1
jobs (incl. supersource/sink ):  16
horizon                       :  69
RESOURCES
  - renewable                 :  2   R
  - nonrenewable              :  2   N
  - doubly constrained        :  0   D
************************************************************************
PROJECT INFORMATION:
pronr.  #jobs rel.date duedate tardcost  MPM-Time
    1     14      0       40        3       40
************************************************************************
PRECEDENCE RELATIONS:
jobnr.    #modes  #successors   successors
   1        1          1           2
   2        1          3           3   5   6
   3        1          1           4
   4        1          2           7  12
   5        1          1           9
   6        1          2           7  10
   7        1          2           8   9
   8        1          3          11  13  14
   9        1          2          11  14
  10        1          1          13
  11        1          1          15
  12        1          2          13  14
  13        1          1          15
  14        1          1          15
  15        1          1          16
  16        1          0        
************************************************************************
REQUESTS/DURATIONS:
jobnr. mode duration  R 1  R 2  N 1  N 2
------------------------------------------------------------------------
  1      1     0       0    0    0    0
  2      1     4       0    2    7    7
  3      1     7       0    7    4    1
  4      1     3       0    9    6    5
  5      1     5       3    0    2    4
  6      1     5       0    4    7    5
  7      1     8      10    0    7    7
  8      1     1       9    0    5    1
  9      1    10       8    0    1    8
 10      1     8       0    9    5    7
 11      1     5       5    0    4    6
 12      1     1       0    9    8    9
 13      1     4       8    0    6    7
 14      1     7       2    0    6    6
 15      1     1       5    0    3    5
 16      1     0       0    0    0    0
************************************************************************
RESOURCEAVAILABILITIES:
  R 1  R 2  N 1  N 2
   11   11   71   78
************************************************************************
OVERCAPACITY COSTS:
1->0.5
2->0.5
MAX OVERCAPACITY:
1->5
2->5
