************************************************************************
file with basedata            : EXPL4.BAS
initial value random generator: 1551173762
************************************************************************
projects                      :  1
jobs (incl. supersource/sink ):  16
horizon                       :  89
RESOURCES
  - renewable                 :  2   R
  - nonrenewable              :  2   N
  - doubly constrained        :  0   D
************************************************************************
PROJECT INFORMATION:
pronr.  #jobs rel.date duedate tardcost  MPM-Time
    1     14      0       44        3       44
************************************************************************
PRECEDENCE RELATIONS:
jobnr.    #modes  #successors   successors
   1        1          1           2
   2        1          3           3   5   6
   3        1          2           4  11
   4        1          1          12
   5        1          3           7   9  10
   6        1          3           8  12  13
   7        1          2          12  13
   8        1          2           9  10
   9        1          1          15
  10        1          1          11
  11        1          1          14
  12        1          1          14
  13        1          1          14
  14        1          1          15
  15        1          1          16
  16        1          0        
************************************************************************
REQUESTS/DURATIONS:
jobnr. mode duration  R 1  R 2  N 1  N 2
------------------------------------------------------------------------
  1      1     0       0    0    0    0
  2      1     8       0    8    8    2
  3      1     8       0    2    3    8
  4      1    10       7    0    3    7
  5      1     8      10    0    6    6
  6      1     7       0    8    4    3
  7      1     5       0    7    1    9
  8      1     1       0    5    8    3
  9      1     9       8    0    3    6
 10      1     9       0    3    2    5
 11      1     3       0    9    3    5
 12      1     8       5    0   10    8
 13      1     3       0    8    3    3
 14      1     7       7    0   10    4
 15      1     3       6    0    6    8
 16      1     0       0    0    0    0
************************************************************************
RESOURCEAVAILABILITIES:
  R 1  R 2  N 1  N 2
   11    9   70   77
************************************************************************
OVERCAPACITY COSTS:
1->0.5
2->0.5
MAX OVERCAPACITY:
1->5
2->4
