************************************************************************
file with basedata            : EXPL4.BAS
initial value random generator: 1829489400
************************************************************************
projects                      :  1
jobs (incl. supersource/sink ):  16
horizon                       :  82
RESOURCES
  - renewable                 :  2   R
  - nonrenewable              :  2   N
  - doubly constrained        :  0   D
************************************************************************
PROJECT INFORMATION:
pronr.  #jobs rel.date duedate tardcost  MPM-Time
    1     14      0       46        7       46
************************************************************************
PRECEDENCE RELATIONS:
jobnr.    #modes  #successors   successors
   1        1          1           2
   2        1          3           3   4   9
   3        1          3           5  12  13
   4        1          3           5   6   7
   5        1          1           8
   6        1          2          11  12
   7        1          3          10  12  13
   8        1          1          11
   9        1          1          15
  10        1          1          11
  11        1          1          14
  12        1          1          14
  13        1          1          14
  14        1          1          15
  15        1          1          16
  16        1          0        
************************************************************************
REQUESTS/DURATIONS:
jobnr. mode duration  R 1  R 2  N 1  N 2
------------------------------------------------------------------------
  1      1     0       0    0    0    0
  2      1     6       0    8    8    3
  3      1     4       9    0    4    5
  4      1     9       0    7    5    8
  5      1     8       6    0    8    4
  6      1     9       8    0    6    7
  7      1     1       7    0    6    9
  8      1     1       7    0    5    8
  9      1     5       0    6    1    4
 10      1     5       0    5    6    7
 11      1     2       0    2    2    8
 12      1    10       3    0    3    9
 13      1    10       0    6    6    4
 14      1     4      10    0   10    4
 15      1     8       1    0    6    2
 16      1     0       0    0    0    0
************************************************************************
RESOURCEAVAILABILITIES:
  R 1  R 2  N 1  N 2
   12    9   76   82
************************************************************************
OVERCAPACITY COSTS:
1->0.5
2->0.5
MAX OVERCAPACITY:
1->6
2->4
