************************************************************************
file with basedata            : EXPL4.BAS
initial value random generator: 2046037143
************************************************************************
projects                      :  1
jobs (incl. supersource/sink ):  16
horizon                       :  77
RESOURCES
  - renewable                 :  2   R
  - nonrenewable              :  2   N
  - doubly constrained        :  0   D
************************************************************************
PROJECT INFORMATION:
pronr.  #jobs rel.date duedate tardcost  MPM-Time
    1     14      0       35        9       35
************************************************************************
PRECEDENCE RELATIONS:
jobnr.    #modes  #successors   successors
   1        1          1           2
   2        1          3           3   4   7
   3        1          2           5   6
   4        1          3           8   9  14
   5        1          2           9  14
   6        1          2          10  14
   7        1          1          10
   8        1          2          10  13
   9        1          1          11
  10        1          1          12
  11        1          2          12  13
  12        1          1          15
  13        1          1          15
  14        1          1          15
  15        1          1          16
  16        1          0        
************************************************************************
REQUESTS/DURATIONS:
jobnr. mode duration  R 1  R 2  N 1  N 2
------------------------------------------------------------------------
  1      1     0       0    0    0    0
  2      1     8       9    0    2    3
  3      1     4       0    3    3    7
  4      1    10       0    9    3    6
  5      1     3       0    2    5   10
  6      1     3       0    4    7    7
  7      1    10       2    0    6    6
  8      1     7       0    7    6    4
  9      1     3       0    4   10    3
 10      1     5       0    5    5    5
 11      1     7       0    4    5    4
 12      1     4       0    6    6    2
 13      1     6       0    1    3    3
 14      1     6       5    0    3    4
 15      1     1       7    0    8    9
 16      1     0       0    0    0    0
************************************************************************
RESOURCEAVAILABILITIES:
  R 1  R 2  N 1  N 2
    9   10   72   73
************************************************************************
OVERCAPACITY COSTS:
1->0.5
2->0.5
MAX OVERCAPACITY:
1->4
2->5
