************************************************************************
file with basedata            : EXPL4.BAS
initial value random generator: 1869822396
************************************************************************
projects                      :  1
jobs (incl. supersource/sink ):  16
horizon                       :  92
RESOURCES
  - renewable                 :  2   R
  - nonrenewable              :  2   N
  - doubly constrained        :  0   D
************************************************************************
PROJECT INFORMATION:
pronr.  #jobs rel.date duedate tardcost  MPM-Time
    1     14      0       55       13       55
************************************************************************
PRECEDENCE RELATIONS:
jobnr.    #modes  #successors   successors
   1        1          1           2
   2        1          3           3   4   9
   3        1          1           6
   4        1          3           5   6   8
   5        1          2           7  10
   6        1          2           7  10
   7        1          2          11  12
   8        1          2          11  12
   9        1          1          15
  10        1          2          11  12
  11        1          1          13
  12        1          1          13
  13        1          1          14
  14        1          1          15
  15        1          1          16
  16        1          0        
************************************************************************
REQUESTS/DURATIONS:
jobnr. mode duration  R 1  R 2  N 1  N 2
------------------------------------------------------------------------
  1      1     0       0    0    0    0
  2      1     5       3    0    4    8
  3      1     3       0    7    7    2
  4      1     4       2    0    3    4
  5      1     6       8    0    1    5
  6      1     7       4    0    3    9
  7      1    10       1    0    3    9
  8      1     8       0    1    6    4
  9      1     6       0   10    3    7
 10      1     9       8    0    7    2
 11      1     5       5    0    8    7
 12      1     9       8    0    5    6
 13      1     4       0    2    7    6
 14      1     8       5    0    5    8
 15      1     8       0    7    4    6
 16      1     0       0    0    0    0
************************************************************************
RESOURCEAVAILABILITIES:
  R 1  R 2  N 1  N 2
    9   11   66   83
************************************************************************
OVERCAPACITY COSTS:
1->0.5
2->0.5
MAX OVERCAPACITY:
1->4
2->5
