************************************************************************
file with basedata            : EXPL4.BAS
initial value random generator: 25360
************************************************************************
projects                      :  1
jobs (incl. supersource/sink ):  16
horizon                       :  72
RESOURCES
  - renewable                 :  2   R
  - nonrenewable              :  2   N
  - doubly constrained        :  0   D
************************************************************************
PROJECT INFORMATION:
pronr.  #jobs rel.date duedate tardcost  MPM-Time
    1     14      0       42        2       42
************************************************************************
PRECEDENCE RELATIONS:
jobnr.    #modes  #successors   successors
   1        1          1           2
   2        1          3           3   4  10
   3        1          3           5   6   7
   4        1          2          13  14
   5        1          1           8
   6        1          1           9
   7        1          2           9  11
   8        1          2          11  14
   9        1          2          12  14
  10        1          1          11
  11        1          2          12  13
  12        1          1          15
  13        1          1          15
  14        1          1          15
  15        1          1          16
  16        1          0        
************************************************************************
REQUESTS/DURATIONS:
jobnr. mode duration  R 1  R 2  N 1  N 2
------------------------------------------------------------------------
  1      1     0       0    0    0    0
  2      1     1       0    6    1    4
  3      1     9       8    0    8    3
  4      1     4       6    0    3    3
  5      1     8       0    5    5    3
  6      1     2       0    3   10    6
  7      1     3       0    4    6    4
  8      1     2       8    0    4    6
  9      1     6       2    0    9    5
 10      1     9       0    1    4    5
 11      1    10       0   10    2   10
 12      1     4       4    0    3    2
 13      1     2       0    5   10    1
 14      1     4       0    4    5    3
 15      1     8       0    2    6    6
 16      1     0       0    0    0    0
************************************************************************
RESOURCEAVAILABILITIES:
  R 1  R 2  N 1  N 2
    9   11   76   61
************************************************************************
OVERCAPACITY COSTS:
1->0.5
2->0.5
MAX OVERCAPACITY:
1->4
2->5
