************************************************************************
file with basedata            : EXPL4.BAS
initial value random generator: 1952470244
************************************************************************
projects                      :  1
jobs (incl. supersource/sink ):  16
horizon                       :  87
RESOURCES
  - renewable                 :  2   R
  - nonrenewable              :  2   N
  - doubly constrained        :  0   D
************************************************************************
PROJECT INFORMATION:
pronr.  #jobs rel.date duedate tardcost  MPM-Time
    1     14      0       45       11       45
************************************************************************
PRECEDENCE RELATIONS:
jobnr.    #modes  #successors   successors
   1        1          1           2
   2        1          3           3   4  10
   3        1          3           7   8  12
   4        1          3           5   6   7
   5        1          2          11  12
   6        1          1          14
   7        1          1          15
   8        1          1           9
   9        1          1          11
  10        1          1          13
  11        1          2          13  14
  12        1          2          13  14
  13        1          1          15
  14        1          1          15
  15        1          1          16
  16        1          0        
************************************************************************
REQUESTS/DURATIONS:
jobnr. mode duration  R 1  R 2  N 1  N 2
------------------------------------------------------------------------
  1      1     0       0    0    0    0
  2      1     4       6    0    6    7
  3      1     7       8    0    6   10
  4      1     8       0    9    4    7
  5      1     1       4    0    7    8
  6      1     8       0    7    8    3
  7      1     6       5    0    3    8
  8      1     8       0    8    8    6
  9      1     3       0    9    5    4
 10      1     9       0    7    2    7
 11      1    10       0    8    3    6
 12      1     9       0    3    8    4
 13      1     1       7    0    1    6
 14      1     6       0    5   10    6
 15      1     7       0    3    7    2
 16      1     0       0    0    0    0
************************************************************************
RESOURCEAVAILABILITIES:
  R 1  R 2  N 1  N 2
    8   12   78   84
************************************************************************
OVERCAPACITY COSTS:
1->0.5
2->0.5
MAX OVERCAPACITY:
1->4
2->6
