************************************************************************
file with basedata            : EXPL4.BAS
initial value random generator: 951803678
************************************************************************
projects                      :  1
jobs (incl. supersource/sink ):  16
horizon                       :  87
RESOURCES
  - renewable                 :  2   R
  - nonrenewable              :  2   N
  - doubly constrained        :  0   D
************************************************************************
PROJECT INFORMATION:
pronr.  #jobs rel.date duedate tardcost  MPM-Time
    1     14      0       48       10       48
************************************************************************
PRECEDENCE RELATIONS:
jobnr.    #modes  #successors   successors
   1        1          1           2
   2        1          3           3   4   6
   3        1          2           9  12
   4        1          3           5  11  13
   5        1          2           7  10
   6        1          3           9  12  13
   7        1          2           8   9
   8        1          1          14
   9        1          1          14
  10        1          1          12
  11        1          1          15
  12        1          1          14
  13        1          1          15
  14        1          1          15
  15        1          1          16
  16        1          0        
************************************************************************
REQUESTS/DURATIONS:
jobnr. mode duration  R 1  R 2  N 1  N 2
------------------------------------------------------------------------
  1      1     0       0    0    0    0
  2      1     4       0    4   10    2
  3      1     2       0    3    3    5
  4      1     4       4    0    5    9
  5      1    10       6    0    2    9
  6      1     3       6    0   10    6
  7      1    10       7    0    3    8
  8      1     6       2    0    4    5
  9      1     6       1    0    2    1
 10      1     9       5    0    3    6
 11      1     6       0    3    9    5
 12      1     5       0    8    7    2
 13      1     8       0    9    9    9
 14      1     6       0   10    9    3
 15      1     8       0    6    1    9
 16      1     0       0    0    0    0
************************************************************************
RESOURCEAVAILABILITIES:
  R 1  R 2  N 1  N 2
    8   10   77   79
************************************************************************
OVERCAPACITY COSTS:
1->0.5
2->0.5
MAX OVERCAPACITY:
1->4
2->5
