************************************************************************
file with basedata            : EXPL4.BAS
initial value random generator: 487552634
************************************************************************
projects                      :  1
jobs (incl. supersource/sink ):  16
horizon                       :  94
RESOURCES
  - renewable                 :  2   R
  - nonrenewable              :  2   N
  - doubly constrained        :  0   D
************************************************************************
PROJECT INFORMATION:
pronr.  #jobs rel.date duedate tardcost  MPM-Time
    1     14      0       49        1       49
************************************************************************
PRECEDENCE RELATIONS:
jobnr.    #modes  #successors   successors
   1        1          1           2
   2        1          3           3   6   8
   3        1          3           4   7  12
   4        1          2           5  11
   5        1          2          10  14
   6        1          1          15
   7        1          2          10  11
   8        1          3           9  10  13
   9        1          1          12
  10        1          1          15
  11        1          1          13
  12        1          1          14
  13        1          1          14
  14        1          1          15
  15        1          1          16
  16        1          0        
************************************************************************
REQUESTS/DURATIONS:
jobnr. mode duration  R 1  R 2  N 1  N 2
------------------------------------------------------------------------
  1      1     0       0    0    0    0
  2      1     9       5    0    7    7
  3      1     4       0    3    5    6
  4      1     4       0    2    5    9
  5      1     6       9    0    7    8
  6      1     5       0    8    6    6
  7      1    10       0   10    5    5
  8      1    10       9    0    6    4
  9      1     9       4    0    6    6
 10      1     8       5    0    5    8
 11      1     5       8    0    6    1
 12      1     5       2    0    5    7
 13      1     3       4    0    5    5
 14      1     9       4    0    6    7
 15      1     7       7    0    2    7
 16      1     0       0    0    0    0
************************************************************************
RESOURCEAVAILABILITIES:
  R 1  R 2  N 1  N 2
   11   12   76   86
************************************************************************
OVERCAPACITY COSTS:
1->0.5
2->0.5
MAX OVERCAPACITY:
1->5
2->6
